project_prf_normalised_work_effort
1555
6053
754
14631
7938
8166
7577
162
142
1372
2108
10759
10331
106
22203
6337
988
2108
836
95
2034
134
2087
1438
3537
3545
5236
2098
4715
1917
770
2961
1399
29889
99
556
3390
17428
1434
81
7688
83
695
168
6627
4309
518
4788
4201
6707
188
4888
4863
148
671
3793
7553
827
232
2183
47958
136
11781
1815
5243
15807
135
8434
522
770
168
1215
2293
231
21861
4854
214
35271
10357
11692
416
4429
7679
14722
3034
1102
6491
537
23384
1318
783
424
755
1371
2024
7567
81
92
2110
87
3014
384
156
7298
538
557
22091
7178
5427
5929
3619
17823
81
8082
6201
4857
534
3156
1609
93
14806
87
1441
410
6508
3400
1035
9559
22378
21046
174
11510
329
3181
13311
1580
82
14540
10068
10698
1211
2885
7138
44420
15082
141
5957
12465
150
5916
14210
3528
3127
4775
2030
124
290
428
375
472
4926
418
542
5605
2006
2428
128
198
2416
4510
12807
358
1015
6371
2355
6408
6287
2864
254
292
1329
296
96
3620
457
2218
2861
445
452
14286
5283
9058
1260
2370
125
1606
5036
144
1924
17588
4553
2851
7106
5675
82
5893
403
6903
11425
763
5078
4496
336
750
3978
2593
782
98
16851
315
5608
15948
6242
7954
323
526
13402
4696
7857
1252
2367
852
22771
3803
1485
5065
6050
202
14212
21189
379
174
157
20052
10991
82
313
1102
6310
3563
219
1439
93
10572
4167
5539
141
9874
756
2896
4281
197
1212
84
2739
2638
2297
18228
9053
81
4079
2068
89
176
104
13107
1729
822
6900
1412
3933
5559
5594
4566
11879
3826
5240
81
6251
1533
2066
1538
198
2570
217
12377
3316
100
2048
1135
3413
23471
37215
7157
81
82
179
5028
723
9842
139
11094
12073
105
594
3527
8575
1864
6822
21327
18023
234
9857
4400
1886
1313
2495
81
11892
935
2068
532
1291
59352
8065
627
40902
678
12983
2642
146
11673
5785
563
1172
144
3844
16343
1446
22213
171
4162
440
7211
1047
476
4869
619
4481
1061
13308
3842
2294
2171
95
5001
5314
5943
25073
338
3558
83
3434
570
1121
1201
1428
7851
107
8772
3933
1487
6588
3012
4327
4181
1076
9433
2722
5524
8809
3337
3508
13917
181
1241
4841
1600
22158
12369
329
23972
16030
685
3901
650
8765
222
19701
195
116
8044
154
2015
172
4013
10216
6368
5913
4828
12450
2203
1379
4246
953
509
124
7137
8031
114
2281
11529
200
3318
2921
574
1021
14861
22393
9893
3674
6472
477
16510
1611
477
1408
3898
214
428
1184
35726
3149
4759
169
1181
8632
336
1837
17751
2809
208
10513
4886
24688
1717
929
563
5116
1690
8992
3133
2149
7019
7702
2932
1422
13075
1812
12031
1798
23319
1970
292
11006
93
487
1106
30640
87
2828
6139
81
294
83
1529
3827
82
1388
1318
22893
127
11120
689
1094
342
5448
1815
83
834
1433
83
1129
16711
879
113
356
4675
3514
14512
83
592
3037
165
22646
6865
3483
14967
3062
11180
538
990
16503
19412
3386
93
120
182
5643
2196
15742
6423
1229
439
2570
16678
1569
588
17881
141
12790
3981
1423
282
122
7735
4104
6970
20555
12603
90
15052
152
16768
22391
249
8307
1232
6288
353
588
89
972
9126
1943
3791
97
7036
217
11221
4926
247
26780
3796
4150
2599
3222
651
4223
2377
29114
482
3249
7369
394
2372
18009
11023
3731
145
13340
697
9948
3481
25458
4205
159
182
108
1499
364
3697
594
25885
528
2197
2629
94
3225
289
453
2626
11492
13540
96
83
516
6798
773
20200
2580
223
2522
5795
22502
10192
1046
892
5462
6225
9186
4362
4496
9052
4461
24237
23161
429
514
9518
6005
12883
4961
86
2380
1250
2121
937
8254
14266
10255
2525
22260
13119
29042
3804
31980
457
15194
13114
12709
478
8236
84
890
3549
837
6661
22176
4629
153
640
4380
12958
2205
3334
1360
1312
131
2958
1707
1898
1034
5884
4609
81
1157
10963
7653
2289
1595
7366
16409
11490
389
82
3326
10138
304
3304
441
9937
5897
2294
13626
139
17537
4683
3625
10829
4263
20757
9675
14184
10543
557
11931
1723
8723
6315
35546
1546
4388
4897
5635
12877
4477
4038
7136
7360
9671
3318
5135
157
232
1800
1917
236
19055
83
20453
4948
1307
2054
7989
6761
766
6607
16568
83
6079
200
759
81
83
239
12073
9152
5014
3735
3437
7665
6489
110
415
8701
2874
113
7783
7847
1224
3584
414
21805
14413
126
336
633
486
3343
190
210
1984
13054
1949
899
2583
355
1703
3885
11802
6156
10302
6658
23513
1932
2776
4394
343
7269
6780
189
118
6959
84
19018
228
5751
1199
3027
2155
22819
4487
726
14621
2455
12842
9152
1161
5054
834
9916
249
1984
3365
6863
4380
88
5757
2672
652
9598
2792
30695
253
7458
1777
1544
6265
3275
984
390
245
736
410
1346
2005
24281
1870
7753
1228
297
2386
1006
914
85
921
2453
586
18043
2019
4681
3900
227
8105
584
1859
342
11488
10984
36606
8156
10160
1567
9265
4113
3673
305
1334
5393
5137
5190
1070
3744
10082
1438
3221
5371
1272
3307
8177
1483
235
23464
5615
902
1169
7468
5420
386
278
7870
2041
124
6714
4869
305
6576
16953
4172
8702
590
452
976
1099
1382
1220
258
1830
28568
100
6563
7225
1584
1467
13195
2012
13223
15891
2606
5935
1365
966
86
2479
8866
4232
7180
217
1138
8693
6467
83
29946
1770
20189
135
81
266
289
4393
212
8078
892
34715
28607
16155
1671
329
147
2973
6262
1156
81
11407
81
3949
2455
1436
2452
6994
1178
619
390
1878
6252
1190
1247
707
2547
205
1837
13522
479
3374
3047
1095
5750
1100
1753
5423
19724
9722
1995
1286
166
1427
8774
3204
5625
308
12526
7568
8592
1901
776
1356
593
260
89
17905
2152
156
2775
149
1374
5046
371
81
447
1709
10915
2651
8801
273
2418
1589
13171
5421
81
3019
183
195
15177
5118
832
7353
1607
839
3393
1165
110
102
4757
2512
457
5332
7553
98
2185
14548
6979
3962
197
10710
846
5749
9283
1067
3515
85
4246
40653
5026
10618
1093
2186
241
4423
745
11885
4802
11607
12484
455
5935
7306
20066
246
1200
2553
4664
81
15700
20090
15639
30145
21251
5014
1748
3282
331
133
719
112
2092
158
214
392
1256
11409
9564
5640
89
1217
24468
2624
27456
2580
4437
2006
16749
5107
687
111
5844
1277
3171
1129
96
1105
417
2253
597
3418
3775
202
25655
13386
9223
122
151
34334
9369
2946
521
89
139
7853
7679
2376
900
11221
2874
13163
201
19461
14672
1875
2981
2233
924
9425
38597
3900
6647
956
10772
3647
702
7221
1723
97
1125
389
12601
5099
497
3415
2514
4783
1345
7802
14534
4551
3352
8363
237
2217
529
8649
229
1915
347
1601
134
1950
4586
5456
34272
3015
3303
3138
17835
4986
5001
693
21874
19044
1147
104
22028
11356
2810
7015
84
85
15179
7628
2962
7942
541
12295
230
2178
1644
1747
1818
4897
536
2828
124
20570
150
13358
1227
89
1131
2996
2471
2262
4259
13451
164
89
8814
152
119
17111
510
1665
310
1919
467
8200
2277
10722
11919
8417
123
7573
11876
28004
81
3430
21109
1028
1007
942
695
83
1607
6510
4753
30829
2323
14052
2360
918
4155
2261
1201
22376
4519
4881
598
20141
1718
176
9195
82
82
92
13919
997
11208
1489
37931
5970
500
8985
175
740
5003
3905
86
1212
89
1551
2843
25766
12826
2957
194
32449
483
5100
20512
2511
6132
6486
26283
1340
546
8462
9950
4134
99
1232
8127
2196
3673
574
160
895
309
2299
10236
2153
142
3740
4894
536
440
130
120
9154
11335
10832
4867
83
485
328
18800
3670
251
10120
1080
5130
9631
3109
3268
111
5776
194
5580
3138
7140
106
1467
3650
1145
1753
1550
9898
1709
82
12944
209
14999
4840
977
530
17887
15323
210
361
174
235
12900
2221
6853
2683
1875
347
6255
2142
231
3925
110
2148
18479
580
7327
2992
17696
193
1549
1182
2214
3144
5019
876
86
4719
3799
10043
5132
242
2934
15419
3295
934
1035
117
255
240
9885
1846
1108
20842
8023
1086
384
7431
4247
11372
183
826
101
619
4511
153
152
11100
3457
3620
2569
5844
82
15297
21372
975
2449
1207
124
1784
5930
568
3440
167
81
696
6564
15678
256
40552
18144
2873
137
1092
25713
13019
13408
842
165
29809
2897
2328
6305
584
1276
3218
2170
1868
2243
483
137
344
2910
129
2522
3402
117
3168
81
1653
339
145
6254
15912
3141
1325
13620
245
12091
1258
109
317
14802
2002
836
782
3864
105
1817
2932
81
1780
172
563
489
13098
2109
1883
3353
5411
169
730
9507
3211
3719
640
8344
222
25561
5272
81
14225
488
8134
5588
224
9014
450
2463
393
3740
4157
2201
11123
27705
4290
97
18663
24163
567
130
232
89
110
804
3590
764
81
2354
12561
7469
21686
120
10261
2105
20342
11711
14570
13168
1028
439
1425
4513
11259
301
16180
14357
5180
783
6148
146
22488
14194
8958
39851
4958
831
1336
1193
1252
5791
3157
89
288
221
2252
952
781
242
834
13401
8091
3127
443
86
92
3957
20794
1652
102
348
10925
2276
291
658
1606
877
83
7373
8033
391
8221
3407
11994
18581
86
20382
82
980
1115
1842
3540
587
146
2429
1114
83
22825
789
7242
330
2636
96
11202
10632
1543
10020
2732
18571
1099
9167
182
100
4558
98
2477
1630
581
1572
1389
5929
13297
1764
14407
90
3004
619
27900
10248
92
4416
31609
127
649
8668
134
3514
876
274
7938
920
81
4466
6008
4325
513
1145
3938
1689
84
2052
2833
89
175
2270
91
12494
5516
5048
430
91
1609
6685
12586
130
8705
3768
2414
3070
7119
309
14785
2297
764
2460
201
128
4752
4960
3329
30951
3233
271
10280
2880
3349
1489
2719
85
5193
12613
1004
6018
17538
513
3010
6867
3511
10973
1242
62364
6073
3180
4377
1554
7639
750
4574
2680
208
1165
1273
4010
5839
2940
14939
9313
81
100
18348
6861
23051
12870
2499
47920
3099
4878
3133
9496
348
1566
8075
3496
4679
13720
1386
1378
1439
867
229
95
700
2843
299
14784
3939
2847
3884
14483
758
3690
15469
3233
443
6443
6154
3846
758
2170
2096
2875
48049
2322
14764
1862
160
85
3610
4437
258
10791
5304
14537
205
1781
1210
2297
18861
20789
592
3021
29546
2033
88
3458
951
12031
3537
694
86
2268
102
20296
6494
698
647
706
302
1408
81
16015
7190
186
19933
304
5929
208
4757
1207
12238
2753
1989
565
1227
2723
8598
15980
6493
4119
8224
1861
17600
81
1858
95
362
5165
2383
5975
5687
4400
394
1904
117
1771
3463
7714
2072
777
90
81
431
7078
944
5091
20064
299
234
18371
2597
6852
335
4888
3674
167
605
2333
2442
22596
262
11035
6284
20458
24602
1903
4028
1973
3656
2130
237
16858
2172
822
5890
8888
24597
6968
3785
114
486
2881
762
87
1529
1858
13296
547
3976
3158
135
7925
9420
312
9466
494
2165
1655
26413
12342
8620
113
1703
82
1992
9026
519
6155
5454
463
1261
3396
1879
1857
2831
120
597
542
1956
8413
1334
11476
473
272
492
16645
10590
314
167
5434
1086
378
1130
85
13049
16789
16259
3177
84
4434
84
409
26907
18004
239
4523
1634
3243
802
2699
2731
351
184
764
5208
84
6770
427
250
1959
24392
7589
1106
1117
1086
2332
5173
6047
1897
32265
25501
572
1152
82
1646
22306
7953
781
38664
112
2023
107
8751
2535
1639
382
98
191
2494
11050
82
338
2853
20773
6747
5679
248
83
171
425
5563
3631
152
2709
23870
122
779
8559
2412
136
1870
34827
959
8080
7346
814
3290
3399
20440
788
15413
9025
2080
4367
14546
100
3070
1634
1933
1462
7209
103
14072
2805
9939
13551
10222
3343
907
7811
16075
2257
2108
98
6185
6401
11983
1696
13993
9068
4113
16348
1554
94
18451
2001
418
156
1254
83
9071
19006
1385
19353
18358
219
6705
1931
337
22778
82
316
400
3826
2653
19201
84
5239
257
87
1851
684
7115
2528
9749
3758
3515
198
18489
12763
26285
154
18833
6006
704
216
98
9341
738
85
193
343
89
19720
7047
4605
1969
1933
173
13292
2206
2250
8953
8450
2204
23350
34048
87
4123
12689
11455
859
10209
4615
7758
12608
2588
2134
5634
2889
1827
475
5673
721
5208
8140
82
2520
3667
22077
6505
5773
82
728
3923
16003
3581
2810
1215
659
153
7257
1351
579
18838
16524
1031
92
593
2751
5557
91
869
4585
10638
6787
128
1082
17517
156
213
116
682
2673
5847
2549
806
481
4848
13113
7208
89
829
1007
2884
1992
5770
98
4320
432
1470
2053
23055
628
2374
3598
2653
1055
2715
10474
7662
6188
2128
10177
131
96
762
1214
299
81
21645
32372
143
179
3727
18380
1386
5240
1414
11542
6487
215
4765
8015
619
432
2134
1004
181
169
7672
349
3049
6789
9804
11147
310
224
1820
26277
12424
1424
1555
371
126
7808
103
99
20547
5769
23220
161
108
826
6319
1554
2184
3260
1093
7821
15363
2267
24186
825
5238
98
3325
5764
3140
119
323
2202
20075
88
1899
7825
6138
223
3972
96
969
2627
2272
10609
591
28401
7038
224
219
12446
22955
3448
21390
10481
19927
97
9646
3895
1992
8069
9266
5777
666
1240
3635
81
204
6003
3938
4815
150
156
1706
834
16781
5710
3456
5802
315
18234
250
106
1331
1745
953
205
3661
169
4992
8084
205
5333
368
3388
984
268
16831
723
4132
785
7006
207
5121
16772
15669
379
1895
82
1654
6676
12096
7562
823
2653
84
1196
1105
21133
2546
349
437
886
1267
5022
2936
116
5224
12054
1436
582
88
115
12075
11828
12359
6801
20272
17043
12820
33447
186
1611
2386
1024
2954
221
6175
471
5878
85
1664
3743
17286
6315
7306
326
2077
421
81
1291
7981
86
3084
4147
86
40055
11848
2837
2751
1647
1672
15403
86
601
13714
1852
2525
13889
8345
418
158
5735
9421
12400
2731
125
6134
287
11605
502
4325
1269
400
13823
2755
6043
364
81
416
11663
5528
715
565
4094
88
25125
2526
5249
13051
282
16737
97
36367
2608
8192
1165
3624
10035
17987
2790
27371
1067
308
1408
1167
2434
1441
5791
6930
7153
436
2537
20977
836
19760
970
23910
478
648
4113
1391
105
603
1225
6485
1683
689
4012
7701
2755
184
6403
19297
2088
134
210
2045
17084
792
99
1024
9646
93
2261
21411
1304
673
4673
12691
129
17462
4463
2522
5500
26147
88
12455
9208
271
629
413
938
1071
8977
3156
18892
21166
5607
108
51487
345
10286
13202
928
3749
15127
20825
2879
12118
3642
3473
4637
5685
1860
1949
10104
506
1249
84
490
631
10828
4704
2763
4865
2242
1304
1031
7183
1347
26036
2704
11103
2796
1232
5374
4576
2816
3425
9809
224
3806
12562
6766
14798
12759
760
3172
5592
7273
8131
1089
7811
2857
8765
16878
639
3314
121
30132
13825
2356
93
3466
4716
83
3471
10370
37884
4751
402
15455
21174
2752
3445
500
798
4165
2887
5983
1401
6716
4923
224
7264
5162
13376
122
2571
703
12624
1641
1691
7798
3773
138
6104
2288
6238
308
2136
8616
1668
2449
856
184
887
313
744
2615
13691
5777
6323
168
3011
3366
811
6100
4870
1775
14986
300
4700
3271
18675
13105
336
7031
218
2932
143
24982
422
3749
3988
1278
624
10393
2528
4203
1492
7208
104
549
10596
3752
2428
1801
9589
7399
7367
2598
32921
10372
3208
3606
126
367
42468
7220
6108
82
1226
12567
100
1918
1608
5670
1677
12162
111
214
117
27940
1876
81
142
300
163
14231
279
1147
332
4759
1041
2019
81
26486
7774
1992
10840
2276
835
7129
765
746
108
2204
771
1301
2217
116
394
8807
10733
105
11895
141
13766
11674
117
328
224
82
217
1213
97
4571
1288
4407
188
976
6859
1858
249
3026
8573
15899
167
2707
2057
5410
1285
1983
9793
976
6245
7680
539
2933
5910
899
45426
2363
4028
247
246
19814
22916
1101
6092
951
11767
2601
41004
175
10821
739
7034
15271
18472
97
11553
9154
165
10997
1713
544
18603
13501
9524
99
15633
14991
91
280
7481
3870
1880
1973
1444
289
26126
12448
2129
1448
442
4815
1441
20412
224
5365
337
277
87
81
11428
30282
3387
8559
2189
9134
2889
1845
1153
8911
142
200
7511
2149
782
974
2029
986
11055
8552
125
3408
8910
23257
999
85
315
3184
1499
3087
635
11486
1073
1610
25187
941
1274
3365
150
1238
2883
6346
141
3635
149
5605
4147
2428
327
5451
9697
12521
15642
14294
236
155
98
84
5259
16731
2317
7410
809
120
5223
1127
2127
123
2151
81
2569
39678
221
1911
6763
5886
142
120
14915
475
2440
32094
5647
7410
1734
6104
176
11822
11310
16258
391
2014
81
7184
120
1560
15167
100
3273
4767
8348
2424
1181
7090
90
2818
4521
12840
547
82
11746
13133
26982
1699
9435
6497
3954
334
5333
7203
594
3694
11659
634
7442
3571
94
83
184
2658
133
3315
5617
1224
1494
2168
2532
971
4045
380
485
5296
16305
3825
6760
2323
1757
23689
9548
9307
2498
16938
1822
3540
14848
382
7854
1557
4142
4331
8749
2908
12296
16776
19052
17339
8571
2322
142
147
143
503
795
1966
25893
370
177
654
3113
88
9676
4156
1127
113
32083
796
196
21426
7444
4073
4178
93
3454
98
102
296
11309
756
4199
14621
2945
4342
3329
8708
19668
2929
334
732
16849
3716
91
31438
7279
2105
628
158
1673
4857
3800
18796
1315
8447
5407
20043
2086
422
1386
1447
10704
93
713
1144
782
81
3028
1932
81
2725
1206
1437
83
16184
19384
677
1411
4985
633
547
42110
21828
5558
1218
119
9881
1272
25484
29660
85
7236
83
7272
2876
15943
1847
3305
6127
1510
12148
1579
836
13756
16994
116
4524
228
256
812
4296
288
9532
4494
14526
744
411
1320
34555
13355
151
17363
802
99
5626
1688
14936
1832
158
1737
12338
1251
84
3314
12777
19319
529
15714
4979
1482
10878
7338
2936
1594
700
3305
7183
25722
1069
3197
1709
422
250
1163
7978
2287
3254
2449
9999
100
468
2021
2204
1984
6464
82
8195
2009
5420
3353
1970
6877
4465
321
24358
1022
85
1741
89
4171
13351
12991
348
3912
5408
3635
4666
2090
715
253
202
169
3561
82
4342
7611
19543
14727
3894
296
4859
384
88
82
3878
1381
10790
446
86
29248
5094
18556
3622
4266
16245
971
19137
92
83
12084
7647
85
617
920
16095
22783
5071
37557
86
673
9210
121
6125
18050
399
25008
7698
433
743
5891
13289
15820
1739
7431
2070
290
7592
817
637
2649
244
5335
13325
42374
707
85
3473
251
122
126
83
684
7591
6054
187
88
82
2021
3223
12994
5554
442
2860
9870
83
2533
127
13947
6760
1201
776
14934
2051
2171
2016
15259
440
3860
317
9237
6805
181
15274
146
11273
5726
9126
264
8758
693
29311
9725
6277
234
15796
991
15035
2065
1289
3106
10207
6011
13321
3025
362
5562
83
894
2093
82
2847
19399
4509
29290
177
8458
2608
4030
83
671
114
217
2790
3972
2089
385
9705
4357
16194
11239
3746
257
6914
327
7982
1286
2381
3389
703
900
2340
1832
5343
7498
3537
14538
524
666
10646
202
6667
485
4855
3564
22960
14168
8511
370
2194
25055
6030
10927
15752
25171
4129
260
3174
8174
120
6810
271
3720
1334
1702
3707
2651
24978
381
857
85
18424
15543
42964
5950
6116
10517
8661
122
6472
5017
5416
121
13992
7806
2822
343
368
8695
837
3198
4057
160
7567
1720
996
2190
18930
23554
12724
98
12800
7518
2014
14651
3928
2995
2144
705
8981
5062
1391
1899
12138
1121
6532
4521
1096
3415
175
95
2011
1231
2022
504
10841
14517
2216
9346
775
12411
85
25548
15519
3416
1198
14662
10564
6814
3026
8209
751
8734
3467
1647
1670
14059
1586
8922
1509
6048
164
1579
2057
7105
16005
40959
1524
3403
3213
485
148
1420
2920
645
24655
571
755
181
81
483
724
10572
196
732
381
9629
119
231
261
249
20941
1580
890
226
4619
16283
818
113
414
971
380
12911
110
7069
156
1670
1169
14909
518
4869
9894
92
4113
156
5176
4577
2593
177
1017
2046
21953
3057
7654
7147
1480
1590
3942
1725
102
11765
5852
161
11739
12876
815
8125
499
5085
17072
137
9169
3318
1196
270
3018
7802
30028
2171
1420
4279
215
1679
10061
7027
8431
106
790
5144
12950
7934
3024
7977
1390
413
1060
897
24419
8405
1334
2646
292
3691
1208
1085
2148
1548
8063
18577
5506
742
88
81
2520
151
89
2646
84
574
15574
6486
99
2547
1484
176
26979
33392
4409
601
11992
119
2130
83
7820
2063
2478
1505
6715
9256
13810
16052
789
1271
187
24370
13016
329
856
1356
1887
193
6175
2000
5976
5402
2391
113
98
146
20357
9873
496
14748
4581
1016
2866
2095
91
412
1017
2410
44131
1945
24345
5653
224
1997
12443
10962
868
454
12082
8016
9471
7489
323
10209
1072
20012
301
232
1846
1705
1692
81
18224
3282
6620
536
9562
263
23591
3688
2191
82
29114
4835
11653
4679
206
1455
1118
702
497
116
30318
6173
8741
7341
6049
84
798
100
23413
3905
5500
23731
12682
9268
10673
1708
9710
81
436
304
81
166
104
17882
532
5938
5917
1529
11567
6276
469
17070
452
531
9771
18203
5122
4593
2273
3331
6420
5099
8962
221
2114
5403
973
871
577
21802
181
489
1210
16084
2824
278
49219
3879
2285
140
13529
82
25086
3661
102
368
98
4788
3747
10577
23839
3120
1023
2513
153
7287
7168
5476
472
1040
4512
11527
95
1722
1748
218
406
133
180
5006
222
7177
13439
12588
2709
127
705
12086
16462
83
3149
6100
22759
43734
12564
7729
480
187
3343
7323
1181
12741
511
161
5062
4207
8939
5020
2934
83
5804
2822
9510
153
3425
14290
137
9870
740
2398
2024
10089
8065
34093
293
4533
494
4347
9218
221
1045
4672
4200
1940
3195
3559
5230
27189
1198
950
31350
1718
23886
9748
4630
155
4657
2129
793
331
3268
171
8136
1623
9340
7131
265
935
1986
4820
2187
2850
2332
219
2346
528
6699
115
5459
83
2980
431
1147
6086
7252
15977
166
4119
11800
3426
1910
11536
1534
19662
2155
10415
4530
120
20684
20044
123
1466
244
22125
1811
3661
3401
518
622
1712
490
81
3239
12173
12995
85
866
192
140
3436
144
102
135
6787
199
2790
13375
81
800
15086
1440
5553
2902
3253
175
9147
4410
1647
1018
390
957
4590
3720
10704
7152
15558
9247
139
4069
29978
333
1555
6437
659
429
3398
6650
6787
183
2041
703
11391
1272
2196
5696
6082
7234
227
1344
89
3228
1993
82
5761
3315
31606
2205
11181
304
451
88
289
1526
105
344
10265
2612
3912
9675
662
13446
122
3558
8348
144
1224
1013
5042
85
3878
14321
8064
1817
7159
2558
15264
295
2955
96
8632
9617
9839
833
9754
7957
8819
127
10903
3775
4257
439
87
102
7781
2052
4035
10156
2927
13675
668
8425
138
802
1791
3687
9785
2806
5974
868
4889
99
18699
2514
10919
1863
81
1462
2943
23514
345
92
4174
13902
149
685
407
11351
394
149
10280
15069
21839
8165
1440
8679
280
6286
125
2631
3959
82
576
299
485
171
6935
3348
6616
12608
20895
680
111
85
2745
41304
5392
4324
3212
3141
316
82
507
3856
24597
97
13278
4713
1624
5255
1336
661
23525
742
1256
8274
16599
1394
258
3684
429
2954
105
3654
92
1108
337
744
721
124
2614
7172
4958
190
141
8215
4469
15966
816
10661
111
16749
264
9893
2019
7852
2980
28088
1348
14598
658
1930
2467
1428
7675
213
1924
1827
1722
5976
2952
4999
4893
5254
15263
3728
26314
47288
87
938
375
324
573
2874
1194
3715
1089
5357
48992
3337
318
828
112
83
2919
146
89
353
132
88
3733
8463
24520
1640
1131
249
2086
896
88
3076
1946
6015
974
1135
15215
1153
17891
707
1154
2559
1492
1264
276
9287
40077
10939
819
1064
346
5136
9336
2521
231
1837
1379
11287
4979
1626
16409
31508
1111
9781
7890
6642
4202
6604
8172
638
128
569
2409
11470
4960
84
530
7036
117
6224
106
267
12649
85
4518
94
1125
931
1116
1208
7836
21643
136
427
1270
4115
5254
8497
95
115
367
4931
189
2748
405
161
4522
3964
15131
397
736
2955
5704
10973
13033
5964
158
81
121
5140
16247
4697
3030
8323
1582
6546
767
2156
9683
3201
2480
3246
173
2111
2664
136
3159
6450
282
18357
81
417
3643
145
7112
19471
4409
4674
3010
32096
18249
120
771
12534
154
17041
2915
125
11133
16937
4302
681
957
7417
81
31314
316
622
514
609
121
967
196
2478
4401
6690
2139
2037
4131
732
21673
102
6616
7525
242
4432
11516
5311
8338
1901
84
568
11521
2528
7988
845
3251
2821
17297
83
3292
15619
1298
4144
1215
14881
18131
798
17674
557
1884
3649
4609
16774
12641
2907
1420
195
7018
998
1266
1702
7810
3526
2674
1104
1994
83
227
2095
602
15904
8544
1478
6094
1159
3212
8966
2196
9185
12859
4165
938
1297
20420
2004
2312
4829
457
10307
9349
94
9701
2246
274
10093
5667
5176
94
428
110
6690
10062
787
6051
3372
8857
144
1458
294
13089
11332
16020
3494
10580
2907
6237
1508
9829
7534
3452
902
6191
1010
1928
4918
285
6565
5129
278
738
8401
494
24831
7397
3353
2792
12395
12394
5173
489
384
3488
13099
374
22622
1309
10782
82
234
864
8715
13331
1426
9752
10892
7697
166
6108
5410
279
3907
6220
2066
1959
7903
133
97
5175
514
3794
1448
945
5973
84
1490
6321
142
96
14758
640
96
2318
12485
12035
19974
1373
1017
89
83
1103
2425
93
14914
1053
103
800
202
4840
714
2894
8614
17794
1365
4837
1908
3881
4994
2422
15109
107
5464
828
548
25093
11902
2421
27536
10314
11343
2825
309
105
335
19841
16847
696
2016
407
7552
8514
6532
4850
11127
16720
6905
5327
137
84
8211
3861
2324
3350
35995
283
6062
10833
6361
15248
269
685
3632
81
795
492
21348
2885
329
84
403
13874
1303
9291
11264
1284
14846
7378
4472
7133
19471
275
197
1131
123
5834
123
728
3458
1019
2031
113
285
122
82
3164
15955
223
1352
4374
14379
2536
6265
290
211
4183
2781
980
88
82
1536
81
10321
6435
496
6404
2316
62514
1054
100
2787
95
902
648
104
636
936
3947
761
8465
337
3115
13568
1138
162
549
30550
19734
14710
41294
977
639
1263
6558
5016
23475
897
27795
82
364
532
534
23238
852
17317
5746
36525
8123
171
3067
738
390
10061
17952
345
4697
5590
9120
115
5092
12573
14799
3537
139
180
123
919
11189
15340
1039
1083
3879
6189
88
316
1629
1991
1244
6694
17573
657
181
917
967
534
188
94
2546
103
6299
9675
20453
6141
1438
6855
1195
2050
3732
144
87
4503
3969
15609
2365
1955
46023
1317
124
147
7556
4088
37505
1193
15115
5613
24179
2689
18748
8096
324
374
1369
313
1349
11898
3214
335
221
18058
2248
14512
949
3697
10812
37207
754
18613
13706
1020
4581
179
6614
4023
81
401
18666
4118
5424
3668
22874
691
18142
2700
14852
2703
7995
129
566
4779
17249
7123
104
13126
1791
14331
870
1829
5783
10389
2204
3638
377
121
2843
1723
4643
7531
341
21643
3741
725
1741
1126
360
6682
1888
1393
286
11669
2445
2097
10142
797
3009
8468
4247
2979
620
1922
10643
2084
133
1350
260
3857
1514
10105
4125
5157
946
4406
39046
15330
216
6029
173
9878
2932
13815
1848
1537
144
11711
81
14050
1137
23206
42862
472
12078
4618
540
7747
82
201
2596
84
6678
1150
6325
2008
101
1104
3049
1061
3852
2119
1550
93
5511
613
11958
466
234
271
9340
1223
11250
3621
8778
1599
19930
288
13223
3440
1127
5791
141
131
959
3493
1305
887
4915
4541
3126
3403
18012
7932
1394
1332
6510
6078
5724
3050
717
90
14198
15630
14394
8231
3757
5671
1365
4959
450
38204
432
322
97
865
1094
18132
348
5822
19362
15126
1223
807
170
980
1565
20650
145
129
419
17654
227
11368
192
10024
1659
1949
1084
4818
1567
5039
3580
5984
86
95
42205
1846
5724
119
894
7326
4898
5393
7990
2037
26142
2112
472
6106
17432
367
11632
1007
81
660
88
3715
13097
4855
15755
953
957
15828
4010
19375
1337
81
1469
6879
1805
5984
1667
24989
39806
637
12990
6480
140
1449
41422
10263
1037
2194
7145
244
3017
4004
955
5724
125
7421
6956
958
81
9218
9250
23715
259
26447
176
110
13757
111
5007
36245
929
1501
217
1733
3290
117
3478
431
2011
89
581
82
13147
2471
1119
3220
3636
114
736
6195
155
25534
3754
9438
8070
340
3949
126
532
128
213
135
92
561
8805
89
32460
81
2546
777
337
302
624
90
17386
236
121
6220
16215
6991
712
1309
16442
266
39690
2285
15823
8879
3459
21303
4591
8876
1648
8461
1492
5319
131
290
91
9017
13355
82
13888
10697
3280
976
12884
495
251
4392
20020
12682
13890
7076
278
5520
4772
4879
267
6776
1597
2877
3774
431
606
2600
1886
1636
239
1258
6703
3129
1050
117
271
141
4519
2559
169
14111
1484
3126
2172
304
11156
6926
411
9682
4651
2244
2552
3021
219
1397
81
7913
2666
293
2129
1529
140
200
1807
125
5669
318
5369
242
5787
4022
7330
1224
23617
8387
115
1404
4944
332
3599
7455
90
4178
5671
24503
6356
5175
399
13909
343
1931
99
209
82
488
3481
85
93
2579
2377
1974
858
155
5755
655
988
1367
9266
2470
7260
182
333
5112
4941
9283
24312
4966
21338
758
4371
401
1147
18017
22347
19992
266
30868
1049
246
3559
14504
130
7986
241
22734
14586
8489
4526
691
85
1588
218
2189
6141
5311
665
3739
8263
13298
7838
12565
267
7777
13765
21253
8348
10887
931
112
842
205
453
2993
136
82
382
7493
4327
287
3187
3191
4239
5555
164
8715
984
2979
5979
9588
1751
20780
83
2627
5056
21761
417
4000
98
516
4053
308
1315
3205
386
25708
30834
129
5943
7561
1538
16478
224
9602
3229
408
1040
1267
3318
1266
17774
2250
1619
362
174
17713
5673
11995
2321
965
7985
1694
11448
17284
418
7406
2187
8259
7514
5232
4806
4865
440
164
650
774
13029
9961
820
13098
3144
9045
911
927
16374
723
5514
9003
7092
578
199
254
4977
137
922
82
98
1389
85
187
11766
16202
9472
880
2735
856
11815
3268
994
82
2400
17776
109
360
18744
8298
2475
15150
10223
15368
727
8077
19639
1643
84
535
587
1648
1490
376
4719
2670
103
1168
1635
171
2104
786
550
812
1162
22376
26265
2912
10781
85
241
2105
2794
100
18006
88
573
83
3333
133
445
105
19237
12802
5357
3501
97
5182
5692
28271
6703
2972
20865
6092
3101
4418
501
40739
320
5215
1648
578
1855
9641
2062
81
24125
1082
8629
456
10964
1051
5800
8147
3588
699
919
13881
2311
296
20802
35475
2697
6996
426
1569
238
2010
256
207
20528
95
1675
7967
3745
569
1812
12643
111
2180
377
3089
133
1461
201
14841
5969
11190
448
2769
2430
11778
5161
29412
1083
7532
266
19371
631
2611
528
806
25163
1303
16505
13934
9271
7542
22290
24851
29555
2066
126
10983
641
20009
592
1846
8925
83
9122
145
676
3773
938
646
1600
332
4388
7112
332
409
115
7190
852
8511
549
28616
2171
2077
16040
7656
1172
404
3574
2435
5492
8269
3733
439
154
110
1824
18841
660
464
9007
1453
2205
1515
24668
726
900
26926
347
2546
1161
382
18904
35322
721
1936
13396
28142
2546
13221
749
130
403
345
9398
405
569
2046
3074
17112
10567
200
3859
138
87
5803
8058
256
131
1418
289
5373
6896
306
2896
12451
2418
4441
1365
2572
2651
1925
439
5107
99
3347
555
148
91
972
2100
3073
2609
14782
82
81
90
1846
12779
216
8226
3385
3369
15980
5897
1503
1547
93
7920
571
12729
1445
8534
5880
5703
308
3439
145
5163
204
8546
5950
4375
98
561
19180
117
182
99
2064
8089
2432
1153
3045
935
17404
83
190
2791
102
4130
288
1145
24451
4901
24897
112
1213
2121
3352
4707
4107
1578
1959
22491
430
256
2653
306
245
1340
677
594
4762
7407
1021
1928
1453
159
1189
6273
690
116
1231
7225
715
719
4225
91
359
7825
16309
3181
6296
524
81
292
2509
14393
1962
8517
1454
4433
15605
4015
14726
359
1110
99
88
82
1279
2549
200
1069
538
1640
307
4642
27698
82
3667
872
105
557
7469
89
1904
25366
22409
3718
504
547
229
121
9567
141
4646
1674
7788
4829
5844
357
1501
8337
3047
1167
5027
2331
82
105
81
82
1452
97
3502
160
3119
2202
26903
113
10013
14666
192
98
10502
935
4478
1084
1737
6119
1694
13231
475
2004
4899
2269
4385
381
125
14341
11043
15521
1798
7674
5890
364
81
568
382
40938
15768
367
86
7743
2021
5934
81
1774
5902
488
665
6612
10714
3067
14939
340
88
7957
81
11337
953
2987
12820
83
799
310
12813
4680
1519
244
17814
1293
2123
2349
1684
7320
8878
949
8316
12268
9282
3743
15508
11217
534
4450
2110
2060
1655
1803
1307
91
1947
192
716
910
3857
2584
15154
13045
13918
1543
982
4489
1926
5840
997
27617
583
4343
1105
13327
11389
1234
7115
589
392
128
606
2287
3669
138
3768
8871
3135
616
3522
2210
688
2630
1228
1080
208
7497
7324
6143
2049
9087
9606
225
92
4557
3482
101
403
911
855
1123
81
997
9147
5783
3935
330
85
6504
1480
93
107
262
1037
1212
10347
694
9673
89
81
1628
2503
2336
570
7761
85
4308
83
19930
3417
3325
84
1031
3500
17692
30243
6230
106
1508
8683
14682
5306
29315
14834
1269
1157
100
9759
312
81
214
6788
1072
97
2447
31006
2955
1670
918
829
109
237
5968
2813
749
1108
17638
3113
164
199
26627
1748
4231
8736
20824
837
154
81
984
92
4534
3707
27296
330
18723
8123
5992
703
1303
92
627
91
2115
994
6546
4142
87
294
91
1029
1236
19229
7135
467
107
24580
149
264
610
4661
7831
231
4928
322
535
7164
1661
29320
1705
134
250
8088
20258
521
1136
6530
90
90
256
20035
2204
484
23432
9309
367
6448
85
8297
7418
12443
635
92
2154
5823
11253
256
9585
3432
155
106
13580
108
89
258
8489
1132
6263
790
2038
3069
2182
1817
401
1814
82
16951
14312
8227
5490
758
7353
2752
38625
97
536
3785
315
3973
4832
568
1242
736
2412
2845
13406
2179
1961
1023
372
5579
4781
8232
5572
640
5838
4654
2659
5199
214
2586
7067
2066
5078
14834
380
98
6703
7029
7934
21287
2007
314
13901
4821
89
35434
23037
2081
12989
2578
126
159
910
1146
81
11988
350
7065
2475
44917
293
3247
1943
5508
3828
9682
685
5635
1260
479
231
191
4573
777
586
4550
26146
7000
415
6863
2022
37681
37697
336
159
99
9785
12996
9062
616
370
15202
381
5697
2590
9066
155
14806
6884
19724
135
2322
20741
3172
1171
9440
14816
3421
122
6537
9119
5125
24601
241
4467
1793
1351
24034
5298
4074
10700
2671
422
9038
92
2051
3440
15834
84
1792
87
10466
81
8702
18969
8130
298
3616
34245
108
6234
11498
2183
189
1352
392
10585
4371
215
4845
9746
938
3744
151
147
85
4708
81
1546
83
5807
153
24396
6972
6820
5295
1722
1856
3813
29707
737
17880
1138
8321
1467
319
6112
17333
81
11174
12980
39571
542
1384
3951
1546
3334
711
4773
755
2287
2842
18231
1624
7080
16951
2451
645
1989
19208
1363
2196
367
1550
3237
3598
943
94
2358
687
29711
12930
1570
1134
5322
399
22413
2111
320
5545
4940
4237
10427
2457
7489
1415
130
5838
1271
1019
2168
82
1079
3783
5648
2024
323
1539
4898
5362
7328
19402
643
98
1802
1532
88
274
5463
13264
262
4412
358
16868
780
725
154
3494
1263
1485
7502
277
5392
479
2247
81
1730
15367
3703
84
1089
1234
3038
93
1161
9886
1683
292
144
13611
290
928
3042
7798
38308
81
446
675
733
10210
22353
2182
20404
11066
323
2397
30401
5924
774
438
2494
9496
5457
206
1544
2811
9984
16304
1204
3882
1763
6012
9528
5627
4067
13104
13451
1568
13637
7174
11121
3433
265
195
2276
3786
4416
3292
425
13610
13172
340
11109
2224
1372
13633
721
672
1928
2191
355
158
333
98
5727
13207
115
2009
3258
644
5827
1094
4415
111
4873
825
474
482
406
2925
694
2786
16847
234
33920
92
13402
14518
96
96
2562
31790
1047
373
4810
797
5086
31452
7174
204
251
7430
5730
544
1008
4075
4624
809
228
8306
4190
6420
6783
2058
129
1140
8707
99
91
6725
1761
1189
6261
5413
1872
86
194
2089
20806
7047
195
252
2470
1111
5464
83
585
145
4755
6735
12015
205
106
15153
358
146
3926
2247
2872
272
252
154
3663
3669
27375
20933
82
164
109
545
10719
97
30480
272
1496
747
1324
320
4648
1274
6440
11010
92
9726
2673
3134
382
4124
2211
895
2355
1092
261
85
697
113
2011
1010
7943
553
2801
2539
160
4731
13829
103
3001
158
5348
1718
660
2073
2045
2028
1958
2240
5459
2744
10441
2868
1753
756
2075
22024
10170
2091
13248
5392
723
33024
3495
1012
5164
586
1627
21430
1452
2122
13976
12498
3191
304
269
7945
1934
890
231
275
3217
11466
1686
157
11096
25108
1448
4788
2829
23638
4690
4041
323
87
4734
132
121
124
140
29590
1284
113
746
9728
82
14492
22915
1382
17899
2941
1250
93
652
42198
5522
84
4904
6616
2576
2631
8777
1270
1694
3488
8585
1779
1439
1603
4165
1558
7816
87
14476
33394
82
11510
2084
11068
8906
238
9884
24154
10190
631
8661
7375
4990
5785
7834
18939
1426
472
8268
1072
1890
9897
709
117
416
796
132
4023
13642
2484
1458
1614
148
2198
3595
114
6163
2296
545
88
598
31641
34967
1457
259
27085
968
124
163
1462
500
2584
9836
14612
13941
6177
6740
81
23012
5473
635
9830
383
983
365
2182
3343
32898
781
10087
1647
4595
9659
21292
26434
287
3086
3045
2355
119
19590
6048
444
747
18871
4222
3729
13164
371
19811
81
309
109
7186
2872
9262
10435
1213
12827
278
1977
4464
1434
35232
6723
146
424
2579
459
1021
1905
1488
183
1621
14359
5132
92
4323
314
136
633
11714
4640
6036
7398
4478
180
25262
7401
9967
516
11786
11702
167
28580
3191
81
493
12917
4603
5007
7348
1185
17875
1303
5086
4841
183
439
311
314
589
12921
13060
1460
92
449
82
37672
2746
1146
9756
776
535
1646
113
3339
2215
4259
1744
22928
699
17044
2077
5013
817
4321
119
5131
19550
25076
14681
150
16085
196
92
1739
5653
1591
506
81
3023
971
17815
7833
2504
4673
7167
13862
5200
22644
6777
104
2863
10319
4176
1906
3757
1104
1956
138
29563
1622
98
168
8140
15110
4842
1071
4719
23674
480
303
2748
2328
505
1179
6321
12855
2133
12713
4338
22830
12782
10680
23683
1814
14734
3732
2645
2029
3174
2624
212
82
763
5262
1040
2447
6809
1475
143
7952
11475
14976
4066
602
4961
8674
434
683
381
5698
1184
10180
1789
6735
7937
5155
127
5081
214
1885
818
14075
7013
1462
106
316
1179
15130
94
129
2577
4660
84
81
614
2729
15071
175
86
2798
796
237
374
8760
5325
10301
4687
764
243
24351
635
168
87
704
2273
1413
99
283
444
3289
3467
5644
1456
14232
9086
3816
3541
85
984
12478
12657
82
5744
3351
15703
89
482
800
4027
1373
7249
2012
16593
2799
683
720
26135
17412
599
7443
1093
3024
88
2346
372
6018
2104
1173
2907
7105
6413
4566
5416
497
7606
272
4152
91
14586
174
1745
22128
3427
830
594
11911
10034
4001
5844
3010
601
1756
3072
212
5250
1912
1439
90
4881
175
17611
1676
797
1878
2389
325
14893
8368
14030
3467
961
456
1372
2884
1305
9818
19590
474
87
787
703
6599
5024
209
7143
13212
1289
2057
487
81
960
352
206
5999
5804
12019
81
500
32690
131
1619
146
870
3261
664
8865
2677
3397
7704
5088
1504
114
153
81
523
6955
401
306
1312
1295
2361
587
176
8839
88
11105
557
16393
86
1733
187
82
93
379
264
2407
1835
5572
82
158
6177
2375
4687
2980
641
612
3886
346
22438
1608
2219
832
197
254
2918
93
8721
260
81
3965
858
99
3574
2347
7837
4383
275
163
7998
8715
118
3981
3241
1377
18524
9462
2711
17130
1595
12043
8485
88
4517
1735
1121
2077
82
1568
7584
1971
181
3490
17068
2442
7249
208
17639
98
1916
2898
1903
1578
3461
2903
2795
2149
86
5189
1261
3329
1152
2243
180
1125
846
5153
8704
3296
192
11825
1013
6204
2641
14449
561
5725
1464
594
830
706
7383
1132
5316
1008
135
13258
6003
8070
168
3924
1011
227
2945
4265
26967
7337
1566
14162
85
2718
269
6242
462
2102
5969
3866
307
404
305
703
1054
4189
281
195
1701
82
433
28546
185
10270
12864
10894
8250
161
19419
16622
6499
12639
5350
608
358
1193
4183
631
90
125
23634
4623
322
8880
10430
5683
907
1750
2542
90
304
81
436
14157
2168
1234
575
7863
193
105
343
278
198
3982
17130
4262
181
1782
13126
730
115
169
11832
6315
1970
1368
9832
29292
4190
13250
34911
1816
19228
496
1679
13859
114
9201
2411
1767
83
22561
1302
530
40467
5982
81
12844
48532
483
206
5582
83
486
229
550
81
12238
1220
84
2406
10133
2569
4509
18597
1326
7710
8434
9434
112
4338
7445
1764
888
115
984
2206
3555
779
17398
3417
39381
251
2943
32153
585
2963
5868
27086
3379
3507
4239
1834
1282
2663
1285
199
8787
44831
7648
3188
4271
4239
8642
9684
8467
8305
364
104
19746
14797
888
21696
17292
18191
4516
10236
5060
903
15744
122
5510
1052
163
7724
928
1960
2355
6626
933
776
3909
92
1240
6471
24671
826
4988
39218
4732
591
1597
1606
3574
119
6394
430
380
580
5991
83
133
2238
1042
142
7769
6408
13916
82
1105
82
716
2075
8502
25040
36351
11842
22614
8762
1101
82
81
96
2883
85
4036
1743
1487
384
91
11351
27861
7810
93
1860
738
978
691
9037
155
2090
93
1833
542
1338
105
83
1170
4440
426
4292
4867
8853
4210
1683
93
463
82
335
81
12440
3376
1279
3470
4490
6562
81
154
111
35378
2727
507
1171
387
995
14146
8509
3882
683
302
5377
1070
9074
24367
8514
112
1348
8756
93
28234
112
10699
145
804
25141
1078
20665
7763
5175
112
7234
2326
2782
5376
7862
148
1390
6430
25660
3189
9442
555
2588
3313
961
227
7385
103
19883
35418
139
821
2372
515
86
2107
7855
100
411
2324
547
9473
2101
841
1416
2481
1586
493
6994
37250
902
1756
36318
4998
132
192
363
2233
3694
639
1095
2530
8958
548
365
46002
1664
93
3004
13969
4495
81
93
19232
9211
1232
736
2406
181
1931
1230
6271
120
1601
15634
5409
84
7706
116
3025
23987
297
1950
5403
4596
2618
114
6627
2612
11663
1847
20966
9586
15142
290
1393
4532
85
248
93
223
164
2007
6646
92
8162
883
4958
1302
3191
208
674
508
5597
12115
5087
1214
10797
902
4934
4564
1082
97
18695
81
132
7806
334
953
1056
8047
11673
2893
4649
1756
15463
2705
2466
127
496
158
264
26041
19879
644
4897
20025
1987
2315
333
128
7891
14245
527
137
143
7094
3271
7616
170
15546
784
432
8295
3850
2509
11144
3205
7116
7495
8922
8769
1604
2761
2812
27429
759
2152
46880
4555
1348
3066
10806
354
13370
21160
272
802
17178
93
6667
853
5291
115
2164
109
16081
433
8378
1039
3425
10912
10023
85
8414
11221
8136
150
10902
3951
1901
81
323
12847
696
5275
903
81
99
93
2529
118
111
802
3711
27992
180
1266
110
91
1980
15398
1315
202
6391
728
23593
9390
2135
562
15288
7070
82
2246
1624
3859
17863
23845
197
317
81
685
2708
17778
31153
9156
2372
230
4585
142
4051
86
93
86
204
5201
97
4242
81
10974
244
5446
4092
11573
13635
5203
1860
560
1199
1272
84
1648
766
14500
1634
3312
191
9170
8918
9397
31409
6911
15843
10264
1109
1028
286
8933
1694
111
4390
14703
18677
39975
10002
2105
9616
4801
189
2762
17709
1332
585
364
1432
487
568
3388
2005
208
46718
6647
13372
334
8657
1181
128
88
22055
4204
10558
1211
9734
553
3148
2685
416
1027
423
9234
4034
1532
13683
4470
1569
3909
39916
15166
29399
350
7599
11454
3898
3357
1064
873
225
10687
8475
2142
4045
8953
11917
700
2785
1483
3433
4914
17711
696
889
8574
2323
240
28375
18121
205
11393
381
1031
5465
283
7596
2319
1157
2086
733
2180
1046
28660
19581
3022
6063
6152
16953
5296
88
8674
10506
160
24558
107
651
102
7038
1820
20737
103
11128
18108
8418
81
363
267
6369
5485
511
3192
235
83
121
2652
816
14665
631
6699
81
157
1992
3602
2287
14284
1218
207
6460
83
94
4033
7954
1646
2445
11715
10328
23948
8551
3460
1466
12875
1327
6284
6907
729
5066
156
22082
101
20392
13691
105
6095
2192
5755
5294
92
2976
9745
13253
88
7716
89
84
13081
5653
8850
2921
6218
4552
326
420
143
571
8494
15285
6348
1847
3271
1786
7919
15893
516
3359
4060
9501
4917
831
214
14991
3067
8284
3317
7082
2518
4304
424
122
309
2299
450
15257
2364
1147
9395
9767
5190
8146
2537
174
16393
1365
11893
3860
3449
8794
1341
591
300
2940
2647
4367
474
1617
2371
17085
1381
4501
17713
15718
85
4319
25692
2678
6598
104
12278
3162
482
87
12053
110
10979
4885
297
140
2207
11386
4683
11350
9170
4654
99
14603
19077
344
3056
1603
915
4882
11443
2072
146
5235
6850
4979
1102
87
399
433
10351
1061
3397
2567
671
142
2948
7243
3277
268
14026
87
35916
2044
9972
173
1923
1164
4840
142
7053
1613
2310
17699
4171
447
3407
6462
834
11666
1795
749
1428
131
633
12922
52229
1309
1019
5063
3953
929
5163
521
81
20376
5318
2364
5727
11288
1569
2292
88
5939
13751
1841
1371
1283
3058
2268
6605
349
1432
3984
1025
697
130
4248
1723
963
576
206
1743
12014
11876
2906
174
1915
1431
6539
253
587
4483
4366
8700
1096
17425
120
125
1323
164
671
2030
706
6237
111
1061
420
1700
11110
129
6475
1684
176
1844
825
1504
1130
517
88
83
4857
4236
1586
3323
1520
2531
4222
489
6172
222
14030
553
949
185
27576
2825
4104
296
983
5486
5445
1617
1861
2360
12978
9059
15956
23639
6225
11431
1248
2595
1358
294
4201
5669
1981
3198
4835
1999
5012
176
2201
14186
81
802
2390
6521
17723
6143
82
311
809
20296
107
2363
425
1211
86
22349
19232
5965
42070
3022
5096
2914
86
27087
25440
750
461
7260
119
3870
1462
4054
1497
3182
6543
11354
6484
81
20668
301
11149
689
26211
116
10338
8383
576
3853
19714
9929
14202
790
6001
36704
12240
2706
261
741
81
1051
510
20401
13995
7720
4191
212
1652
1286
1413
27525
2603
497
1169
5252
138
641
7650
4557
18440
582
7698
34174
11073
14439
2528
2077
4540
229
5503
25134
15144
787
827
14258
5031
7540
14359
14488
1791
2149
149
14122
981
7649
4255
19858
10125
11558
6291
1030
11662
2646
3756
2395
1763
3087
32295
5771
6921
5877
789
1781
878
14271
96
4616
1399
19927
8818
21907
11230
1759
5633
11236
7574
104
40286
105
10127
4388
764
14574
152
9049
266
2184
293
575
81
23853
9687
2146
6317
6908
151
20409
24452
686
311
980
3886
12232
88
94
124
218
243
1896
2682
15925
81
6814
6578
436
16551
4797
11893
120
2472
2542
2314
3662
13741
376
324
182
108
3525
82
1341
2794
3469
455
572
2173
9585
4847
1196
647
12350
381
3860
5633
5961
8191
138
5323
34714
1056
21599
2763
92
3843
136
561
189
27492
3164
1232
92
19988
3076
99
749
6701
17724
1013
1420
2780
13215
1645
110
83
16868
3608
1086
823
3250
4793
5379
1060
12361
1211
89
82
4666
2171
4701
3085
416
4439
5993
1454
135
1677
5150
532
39853
10246
8387
16233
680
1030
16642
1994
9434
168
3383
3233
575
6898
5968
2383
5171
2710
153
12102
1083
596
427
7204
2255
8262
3756
17389
197
5421
1623
4894
6174
17761
650
2711
867
3974
2938
1957
3751
5744
1554
2608
16659
1266
1221
88
9685
3139
96
4490
9830
1686
28008
9030
1368
818
466
312
4206
1887
160
89
23143
1259
23853
4122
18161
16713
136
4411
1204
250
10136
1380
4988
1451
31985
1075
3417
11778
128
285
1440
1789
1500
28358
1214
641
19201
1455
2211
12317
4561
287
6425
13489
2040
5983
22686
790
4806
924
15308
1444
1004
490
96
299
2677
128
5760
2648
12837
545
1649
314
1631
5417
1174
11847
126
328
146
170
1475
1449
27221
111
11236
14172
2821
2278
900
15937
2587
265
11406
1613
3104
103
3415
8356
2216
8395
5604
2076
6691
24689
2295
8277
2444
12412
385
13567
9925
155
2374
103
726
408
4110
281
4421
9200
2150
1081
188
1157
3589
2170
411
343
3560
372
702
10791
5676
94
6833
6443
30970
2775
5042
505
9847
5625
115
566
81
108
5541
11354
16270
14464
13828
1759
2278
4976
720
4600
122
221
160
88
3306
3866
10717
466
3635
1241
25942
10387
1941
6852
3097
4501
188
2113
7130
2020
763
3141
12627
210
489
158
19690
10787
84
1093
463
2693
1620
8988
737
4213
21926
1440
8409
3205
9687
1651
11127
15534
101
832
1898
29014
770
24981
2483
342
4131
4592
5499
3523
6616
3592
1519
8100
2318
5264
888
16440
4884
10709
5903
6433
3977
1516
1756
129
275
213
1778
297
21399
1677
197
3719
2927
173
17673
559
8220
1611
252
2407
188
19900
100
4639
3514
5597
316
6057
878
1112
161
959
786
3357
6178
84
108
375
1351
4447
1454
6917
736
9832
392
82
1614
114
10212
2741
17853
7738
83
9862
17393
12179
277
5063
224
9620
16672
631
21306
83
9781
6804
4125
6690
1393
429
13981
4307
4768
5016
2845
6692
84
5320
6131
797
16175
7272
135
411
1116
4540
4352
353
8479
529
14524
1288
688
451
11728
98
1674
2168
505
310
30456
5638
11530
81
17451
6351
1701
4329
858
17013
304
515
399
4230
5895
752
1880
16614
16075
1553
1993
126
238
7741
516
816
7847
121
83
35637
202
11028
2639
2326
2591
3733
523
168
81
82
5347
1630
481
8830
104
429
17699
383
19159
4950
82
158
9836
498
3638
29596
1771
1720
2418
3163
2115
387
12781
457
152
305
2769
145
33280
112
225
85
4308
3883
11041
11712
1058
139
10544
131
526
745
3302
3843
255
1641
4586
1048
7572
1772
7668
2094
3559
198
5421
5617
86
83
113
171
8554
14878
625
11122
250
95
5299
6447
4013
5748
1060
5190
209
107
291
1474
11656
87
2128
5617
1080
2560
5136
3889
12895
154
32697
931
4302
14909
128
1778
3253
5371
3711
382
884
120
83
2722
81
1995
1921
1308
2447
2328
4585
7218
400
636
243
8466
8844
1803
2688
315
19920
6228
5719
3694
7712
461
9543
146
1629
7364
2764
117
1328
10033
3309
597
1807
497
130
230
8707
1699
441
975
319
81
29075
13708
497
1135
163
4085
12326
13391
14260
7921
13696
7519
82
16715
3806
2225
2205
1077
21568
26833
4283
121
14769
1185
1656
511
84
138
3702
32513
8357
1005
1624
3989
423
1574
6533
874
9846
104
81
3146
4779
12243
42740
3199
868
1453
1007
120
22518
280
3024
733
18508
9756
11904
2714
4229
104
6994
1186
5711
4675
615
127
10294
4140
320
20948
84
10648
791
429
9251
4952
712
7888
2064
3788
2017
159
1821
11881
14254
10042
1247
24954
10452
365
1420
246
84
19547
11803
133
1110
14899
4795
349
9013
87
5900
210
4015
8473
2056
561
3123
7465
5570
6195
9879
2566
5296
3583
4657
10144
495
5405
541
607
26146
11637
381
7103
81
244
117
3530
1076
905
468
1904
853
5897
5488
11816
1998
7562
10502
312
14014
881
23696
5693
17570
2322
1404
512
13094
1478
2450
801
14802
1538
4707
325
736
1735
1739
2360
6727
168
10710
81
481
3145
31216
5629
1225
2182
29620
3033
8110
6276
825
4469
8615
23311
284
7615
993
5235
2012
3476
90
2409
16279
1824
5313
9723
494
424
6006
111
8148
107
11868
9761
6361
2246
1972
25265
4590
421
4617
4285
5787
1430
4065
101
4898
83
26892
96
774
1293
24303
4756
1945
2838
9634
10699
105
10346
4612
148
2130
7598
10748
2919
302
1753
1785
894
8855
82
3896
9570
840
301
170
5193
2474
2888
47807
26598
3590
98
343
4015
755
2465
14889
19693
6413
10260
7066
439
11589
1599
4192
11196
1752
2027
1992
6201
10883
394
465
1609
303
1350
13016
5271
382
3119
91
4969
5717
605
674
3091
161
2310
10289
608
10702
3346
129
17594
3179
809
11307
19884
1243
439
5726
998
6452
9753
5976
1252
205
333
6954
6708
17163
14611
265
9998
21108
251
3462
168
2484
5159
3853
20267
5133
340
848
906
1528
1152
2590
8755
956
15717
138
4105
155
281
17452
1166
22993
2819
945
19255
4620
19742
258
84
1663
1725
1643
109
1060
7163
11901
2853
2269
3620
7436
29587
1074
133
1042
19488
10263
12467
455
8827
2223
10263
1155
1144
206
1837
5163
1133
1827
234
89
1393
103
2844
28239
178
153
196
15607
401
315
457
10159
771
19135
18328
3451
19618
82
27982
620
7610
370
216
1810
3187
24840
1842
12447
12311
38601
5906
552
542
101
7911
1708
11074
5464
5962
645
122
5224
1982
93
4508
2205
189
22135
2234
5195
96
7404
636
321
10009
1139
992
897
46614
977
2158
1465
1021
1976
7514
3848
1673
2833
9523
2985
11312
22004
3726
86
113
323
3462
4791
18998
6834
1029
1521
241
779
4103
11510
140
4374
6929
471
1379
1565
4224
2467
14330
2408
3728
9731
1823
886
233
1099
3300
88
4057
5684
170
5320
25253
8188
422
2848
2148
6607
35660
2923
6380
1508
10583
8523
5839
1812
7126
94
85
159
10951
1125
1984
22322
4089
248
10220
4564
3205
369
4825
522
7769
14751
509
3625
876
595
7162
7550
133
15422
154
6100
1093
2915
17095
4738
860
236
12550
4634
7250
1572
625
97
5722
2180
405
32571
10109
7406
289
7065
3094
20941
285
639
239
9347
4772
111
2950
19318
414
3274
4482
9266
2696
1735
5263
10882
3513
653
2233
85
4466
5088
399
4194
1218
3516
1038
158
279
9172
534
2941
11680
17303
140
15796
1758
3115
34229
1692
10796
1885
15819
14562
447
9092
10501
233
10225
2404
2223
10573
1599
330
118
108
13643
12325
9427
3402
4711
379
327
5796
8155
217
16618
2514
1982
4593
5643
901
1333
2275
9508
317
1293
1109
1581
885
224
32615
6774
1726
18684
5522
158
962
12834
81
12512
6763
7158
1404
20251
881
1163
238
159
1709
5422
430
8272
957
81
7846
13379
148
16403
3354
19512
214
254
1850
81
10266
363
113
194
4789
90
269
16553
652
4510
203
6001
5116
93
101
114
942
940
379
1690
3320
1207
275
866
1336
91
213
1324
2919
2678
589
1173
168
694
4547
109
16857
99
3935
1181
5215
19646
9827
1437
7265
9398
631
214
2071
313
18570
5251
85
4246
1134
4050
5443
12776
33017
266
6343
24493
3280
1244
8474
221
1024
1250
3417
337
269
7328
184
13325
1373
17448
286
5017
1984
8683
15084
3435
22880
1053
17029
838
245
3942
14502
471
294
334
1995
7948
13033
4044
344
82
2445
956
10875
239
3378
94
215
1272
18733
158
2891
8654
4145
88
10911
6865
3659
5865
14104
3144
3612
4242
510
534
29092
4292
212
7352
185
2602
1821
82
5876
8880
7153
2805
108
7281
15181
7664
12060
3627
2781
2267
3143
5056
1765
1114
2007
176
15348
449
112
7086
453
102
11256
12592
18236
33370
7402
2751
329
3736
1043
282
6175
84
4406
5277
6159
28076
47424
617
16321
84
221
1758
1059
1728
7493
9665
878
27801
388
47322
88
3302
2315
4363
5507
35252
6745
49085
1708
10425
82
16392
297
7141
2545
23845
4227
9683
4843
3950
1438
11621
81
3463
959
2305
81
6134
136
3952
1904
6413
1438
1582
7356
176
15331
2435
43418
603
285
15079
116
127
3189
928
16244
97
4010
1710
2940
2692
19531
2758
116
82
986
1360
7833
158
4019
11655
157
91
3133
5428
8573
8553
1869
3779
3905
1166
744
1342
